       1797
       2643
       1248
       1334
       1270
       2180
       1426
       1403
       1458
       1168
       4267
       1351
       1428
       4319
       4974
       1850
       5147
       1269
       2592
       2148
       1449
       1467
       2669
       2244
       2390
       1759
       1701
       2573
       6339
       3658
       1426
       1413
       5826
       2031
       1295
       3915
       3724
       2630
       2147
       2456
       1695
       2096
       4009
       1749
       4492
       3350
       1421
       7403
       1710
       3007
       2747
       1480
       1349
       1535
       3580
       1758
       1395
       1572
       2930
       1713
       2705
       1486
       1469
       2689
       2185
       1460
       1850
       2758
       1644
       1408
       1289
       3339
       3413
       3170
       1826
       1301
       3257
       4550
       2598
       2796
       1541
       2161
       1798
       1248
       4425
       1583
       1296
       1553
       1703
       3081
       1465
       2949
       1579
       1397
       2694
       1755
       1240
       1273
       2549
       5788
       1435
       2680
       2908
       3615
       4994
       1814
       2856
       2198
       1489
       2558
       1603
       1741
       1379
       1227
       3049
       1349
       2442
       1672
       2432
       3547
       1396
       1382
       1400
       1440
       1228
       1364
       1226
       1311
       1393
       1557
       2960
       3354
       4023
       1206
       1382
       1777
       1291
       1256
       1364
       1323
       1880
       1697
       1449
       3510
       2180
       5658
       2611
       2057
       3510
       1357
       1329
       1810
       3118
       1362
       2820
       1320
       2105
       1343
       2547
       1414
       2349
       1377
       3217
       1364
       1379
       1484
       1932
       2476
       1921
       1288
       1218
       1789
       5721
       1492
       2524
       2249
       3270
       3553
       1451
       2884
       3051
       2079
       1501
       5194
       2084
       2204
       1472
       1360
       2546
       2564
       1453
       1474
       1791
       1230
       1867
       1861
       3939
       1866
       2317
       1354
       1519
       4555
       1897
       1424
       1955
       2854
       1430
       1713
       2892
       1241
       1318
       1521
       1514
       3988
       5009
       3667
       1522
       2563
       1234
       1752
       1439
       2087
       2328
       2579
       6642
       1519
       2799
       2651
       1331
       2189
       1712
       3276
       1247
       2398
       1280
       1356
       2180
       3665
       1399
       2545
       1922
       2385
       1269
       4411
       3501
       1283
       2239
       1766
       1879
       4488
       1207
       1406
       1481
       2175
       1520
       1339
       2204
       1726
       2356
       5781
       1670
       3191
       2121
       2666
       1332
       1459
       1886
       3631
       3544
       6763
       1592
       1859
       4351
       2494
       1962
       1965
       1516
       2017
       1778
       1268
       3040
       3033
       1282
       1844
       5007
       2459
       1816
       1372
       1224
       3393
       2001
       1414
       2665
       2158
       1755
       2474
       1983
       2274
       1803
       1350
       1285
       1534
       2859
       3274
       1443
       2011
       4998
       1449
       1393
       1483
       1740
       2768
       1466
       1335
       1349
       2116
       2613
       2113
       2218
       1822
       2174
       4817
       1465
       2107
       2453
       3120
       1485
       1715
       2177
       1523
       4486
       2371
       4236
       1533
       1288
       1264
       2442
       2871
       1411
       2700
       1866
       2247
       1356
       1387
       1564
       2260
       1748
       1791
       1408
       3613
       1418
       1563
       1477
       2622
       3592
       3335
       3183
       3301
       1197
       3963
       7088
       2637
       1639
       4025
       1428
       1368
       1834
       7476
       1802
       9157
       3255
       3041
       1458
       2253
       4185
       1760
       2528
       1393
       2046
       2061
       2901
       2879
       1402
       1398
       2653
       1717
       3053
       1428
       3528
       3409
       3739
       3072
       1794
       1375
       1897
       2724
       1365
       1491
       1255
       1812
       1774
       5040
       2288
       1567
       1827
       2389
       1851
       2079
       1506
       1413
       1252
       1340
       2605
       2210
       1294
       3966
       1395
       1300
       2141
       1519
       6430
       2295
       2368
       1817
       2495
       2650
       1269
       6053
       1397
       1498
       4280
       2523
       1549
       2412
       1843
       1395
       2035
       1306
       2764
       1876
       1506
       1844
       1328
       2730
       1457
       1951
       2984
       2580
       1343
       1335
       1220
       2093
       1587
       1421
       1289
       1310
       1358
       2924
       5731
       1274
       3533
       2166
       1619
       2145
       2722
       2359
       5206
       1384
       1296
       2387
       1569
       1421
       3286
       2438
       3439
       1795
       1225
       2309
       2750
       1741
       1357
       1423
       2716
       1451
       2389
       1466
       2361
       1738
       1327
       1430
       2944
       1793
       1364
       1219
       3481
       2915
       1306
       2171
       1689
       1962
       2219
       5524
       3412
       1396
       1353
       3217
       2652
       2152
       1399
       1338
       1844
       1246
       1313
       3474
       2440
       1372
       1855
       3746
       1586
       2031
       3926
       1297
       1920
       1601
       1248
       2445
       1276
       6269
       3872
       2248
       4702
       2630
       2827
       1343
       2645
       2837
       1392
       2071
       1500
       2466
       3942
       1360
       1291
       3689
       1324
       1327
       1415
       1427
       1732
       1308
       1887
       2760
       2975
       1830
       1341
       3345
       1562
       5176
       2296
       1320
       2139
       3096
       2431
       3682
       1443
       1434
       2157
       1445
       2521
       1319
       1379
       1610
       1402
       2221
       2293
       1928
       1879
       1493
       2458
       2224
       2131
       1802
       1618
       1960
       1300
       1239
       1496
       1301
       1785
       2915
       2340
       1203
       1377
       1310
       1330
       1270
       2680
       1527
       4013
       2668
       2254
       3695
       2508
       1439
       1375
       1484
       2109
       1285
       4678
       2766
       3241
       1638
       2481
       1359
       1385
       1377
       3228
       1314
       1565
       3371
       2255
       1824
       2870
       2715
       2173
       1515
       2517
       1894
       1275
       2410
       1336
       1281
       2822
       2500
       2846
       1478
       3769
       2171
       1529
       1623
       1369
       1571
       2137
       2185
       3010
       1284
       2537
       1493
       7761
       1881
       1526
       2420
       1872
       1494
       1768
       1452
       1925
       1795
       1513
       1525
       4519
       1503
       1238
       1357
       1282
       1400
       1289
       1362
       2240
       1496
       2089
       2795
       1223
       2466
       1754
       2054
       2309
       1636
       2373
       1523
       2836
       1457
       2417
       1209
       1311
       1250
       2100
       2292
       4065
       3243
       1281
       1860
       1363
       1773
       1281
       1895
       1189
       1474
       1501
       2084
       1842
       1254
       2173
       1887
       2675
       2748
       4142
       1319
       3105
       2981
       1377
       1375
       2630
       1136
       1877
       2890
       1881
       3248
       2315
       1459
       5326
       1297
       2984
       1874
       3905
       2348
       2094
       2758
       1892
       1375
       1322
       3858
       1426
       1796
       2189
       1238
       2222
       1734
       2458
       1895
       1266
       1351
       1794
       3855
       1887
       2522
       1747
       4756
       1530
       2600
       1767
       1518
       2115
       1306
       2199
       1468
       1271
       4672
       2192
       1811
       5455
       1832
       1625
       1524
       3682
       1599
       6183
       2115
       2184
       2115
       2391
       2076
       1867
       1945
       2070
       1396
       1511
       1357
       1418
       1323
       1804
       1456
       5102
       2614
       2944
       1164
       1384
       1545
       1367
       2570
       1380
       1558
       1395
       1355
       3252
       1282
       2050
       2231
       1397
       1593
       3101
       1968
       1368
       1572
       1357
       1744
       3542
       2025
       2589
       2838
       1323
       3310
       1404
       1742
       1382
       2775
       3662
       1286
       1442
       1492
       2436
       2945
       2211
       1445
       1265
       1798
       1315
       1585
       1364
       3382
       1235
       1438
       1543
       2135
       2889
       1465
       1348
       2477
       1329
       5560
       1456
       2478
       1593
       1381
       2081
       2247
       1782
       2306
       1994
       1353
       1546
       1588
       2422
       1677
       1811
       1510
       2218
       1492
       4584
       1308
       1695
       1473
       4583
       1248
       1356
       1496
       1399
       4284
       1435
       3434
       1514
       2768
       6339
       1753
       3362
       6907
       3689
       1592
       1306
       1315
       3184
       1591
       2351
       1745
       2595
       2612
       1831
       2510
       1280
       1488
       1358
       4195
       1355
       1872
       1304
       1372
       3013
       1615
       1179
       2312
       1534
       1468
       1287
       1517
       3151
       1390
       1519
       2790
       2319
       8273
       1287
       1764
       2154
       1254
       1383
       2335
       1444
       1370
       1438
       3123
       3319
       2680
       2088
       1380
       2064
       4409
       1295
       2065
       2435
       1779
       1252
       1260
       2137
       1413
       1988
       1342
       1392
       1325
       1467
       1352
       4276
       5009
       1517
       1485
       5046
       1391
       2245
       1578
       3312
       3133
       1208
       2053
       1967
       4648
       1816
       1313
       1379
       1710
       1201
       1537
       4448
       3393
       1477
       1428
       1203
       1550
       1764
       2068
       1307
       1454
       2370
       2508
       5419
       1602
       1530
       3174
       1331
       3194
       1396
       1226
       1468
       2571
       3797
       1897
       3195
       2875
       1327
       2597
       1340
       1730
       1354
       1381
       2102
       1504
       4101
       3007
       5076
       5375
       1539
       1332
